2013,09,18,00
2013,09,18,01
2013,09,18,02
2013,09,18,03
2013,09,18,04
2013,09,18,05
2013,09,18,06
2013,09,18,07
2013,09,18,08
2013,09,18,09
2013,09,18,10
2013,09,18,11
2013,09,18,12
2013,09,18,13
2013,09,18,14
2013,09,18,15
2013,09,18,16
2013,09,18,17
2013,09,18,18
2013,09,18,19
2013,09,18,20
2013,09,18,21
2013,09,18,22
2013,09,18,23
2013,09,19,00
2013,09,19,01
2013,09,19,02
2013,09,19,03
2013,09,19,04
2013,09,19,05
2013,09,19,06
2013,09,19,07
2013,09,19,08
2013,09,19,09
2013,09,19,10
2013,09,19,11
2013,09,19,12
2013,09,19,13
2013,09,19,14
2013,09,19,15
2013,09,19,16
2013,09,19,17
2013,09,19,18
2013,09,19,19
2013,09,19,20
2013,09,19,21
2013,09,19,22
2013,09,19,23